4294967279,553
4294967279,552
4294967278,19
4294967278,14
4294967294,30
4294967294,436
4294967294,12
4294967279,551
47,30
47,29
47,28
47,27
47,26
47,25
47,24
47,23
47,22
47,21
47,5
47,20
47,19
47,18
47,17
47,16
47,15
47,14
47,13
47,12
47,11
4294967278,273
4294967279,277
4294967278,270
4294967279,265
4294967278,269
4294967279,262
4294967279,261
4294967279,275
4294967279,515
4294967278,324
47,10
4294967278,323
4294967278,321
4294967279,513
4294967279,319
4294967278,320
4294967279,318
4294967278,254
4294967279,317
4294967278,318
4294967278,248
4294967278,244
4294967278,327
4294967278,325
4294967278,251
4294967278,247
4294967278,260
4294967278,37
4294967278,36
4294967278,34
4294967278,33
4294967278,32
4294967278,31
4294967278,30
4294967278,29
4294967278,28
4294967278,27
4294967278,26
4294967278,25
4294967278,24
4294967278,23
4294967278,22
4294967279,314
4294967279,19
4294967279,18
4294967279,17
47,9
47,8
47,7
47,6
4294967278,362
4294967294,423
4294967294,1420
4294967294,1419
4294967294,472
4294967294,204
4294967279,292
4294967278,361
4294967278,293
47,4
47,3
47,2
47,1
46,4
46,3
46,2
46,1
4294967278,360
4294967278,35
4294967294,386
4294967294,387
45,4
45,3
45,2
45,1
4294967279,550
4294967278,289
4294967279,549
4294967279,286
44,6
4294967294,91
4294967294,87
4294967294,85
4294967279,285
4294967278,359
4294967278,288
44,5
44,4
44,3
44,2
44,1
4294967279,548
4294967294,45
4294967294,426
4294967294,1416
4294967294,398
4294967294,167
4294967294,191
4294967294,407
4294967294,116
4294967294,108
4294967294,403
4294967294,399
4294967279,20
4294967294,392
4294967278,358
4294967279,21
4294967279,269
43,5
43,4
43,3
43,2
43,1
4294967278,272
4294967279,278
4294967278,283
4294967279,547
4294967279,13
4294967279,276
4294967278,266
4294967279,546
4294967279,0
4294967279,11
42,4
42,3
42,2
42,1
4294967278,256
40,5
40,4
40,3
40,2
40,1
4294967279,545
39,4
39,3
39,2
39,1
4294967294,42
4294967279,544
4294967278,357
4294967278,174
4294967278,249
4294967278,243
4294967294,50
4294967294,120
4294967278,245
4294967294,469
4294967279,242
4294967278,241
4294967279,240
4294967278,239
4294967279,543
4294967279,238
4294967294,107
4294967294,1049
4294967294,1077
4294967294,418
4294967294,43
4294967278,235
4294967278,356
4294967279,542
4294967294,99
4294967294,76
4294967294,51
4294967294,52
4294967294,1074
4294967294,82
4294967294,92
4294967294,88
4294967294,5
38,30
38,0
38,29
38,28
38,27
38,26
4294967278,233
4294967278,231
38,25
38,24
38,23
38,22
38,5
38,21
38,20
38,19
38,18
4294967278,238
4294967278,237
4294967278,232
4294967278,230
4294967278,228
4294967278,226
4294967278,224
4294967278,222
4294967278,220
4294967278,218
4294967278,216
38,17
38,16
4294967278,132
4294967278,131
4294967278,130
4294967278,129
4294967278,128
4294967278,127
4294967278,126
4294967278,125
4294967278,124
4294967278,123
4294967278,122
4294967278,121
4294967278,120
4294967278,119
4294967278,118
4294967278,117
4294967278,116
4294967278,115
4294967278,114
4294967278,113
4294967278,112
4294967278,111
4294967278,110
4294967278,109
4294967278,108
4294967278,107
4294967278,106
4294967278,105
4294967278,104
4294967278,103
4294967278,102
4294967278,101
4294967278,100
4294967278,99
4294967278,98
4294967278,97
4294967278,96
4294967278,95
4294967278,94
4294967278,93
4294967278,92
4294967278,312
4294967278,91
4294967278,90
4294967278,89
4294967278,87
4294967278,86
4294967278,85
4294967278,84
4294967278,83
4294967278,82
4294967278,80
4294967278,79
4294967278,78
4294967278,77
4294967278,76
4294967278,75
4294967278,74
4294967278,73
4294967278,72
4294967278,71
4294967278,70
4294967278,69
4294967278,68
4294967278,67
4294967278,66
4294967278,65
4294967278,64
4294967278,63
4294967278,53
4294967278,52
4294967278,51
4294967278,50
4294967278,49
4294967278,48
4294967278,47
4294967278,46
4294967278,45
4294967278,44
4294967278,43
4294967278,42
4294967278,41
4294967278,40
4294967278,39
4294967278,38
4294967279,174
4294967279,16
4294967279,15
4294967279,14
4294967279,12
4294967279,10
4294967279,9
4294967279,8
4294967279,7
4294967279,6
4294967279,5
4294967279,4
38,15
38,14
38,13
38,12
4294967279,313
4294967278,212
4294967278,211
4294967278,210
4294967278,208
38,11
4294967278,207
4294967278,203
4294967278,202
4294967278,201
4294967278,200
4294967278,198
4294967278,187
38,10
4294967278,179
4294967278,178
4294967278,177
4294967278,176
38,9
38,8
38,7
38,6
4294967279,541
4294967294,1417
4294967279,246
4294967279,244
38,4
38,3
38,2
38,1
4294967278,355
4294967294,193
4294967294,1046
4294967294,1037
37,4
37,3
37,2
37,1
4294967279,232
36,4
36,3
36,2
36,1
4294967278,225
4294967279,222
4294967278,221
4294967278,219
35,6
4294967294,471
4294967279,216
4294967279,214
35,5
35,4
35,3
35,2
35,1
4294967278,354
4294967279,540
4294967278,353
4294967278,352
34,5
4294967278,206
34,4
34,3
34,2
34,1
4294967279,539
4294967279,538
4294967294,408
4294967294,397
4294967294,400
4294967294,406
4294967294,420
4294967294,177
4294967294,168
4294967294,405
4294967294,1047
4294967294,443
4294967294,450
4294967294,461
